# TLE created at Thu Oct 26 00:50:12 2023 GMT  DayNo.299
NOAA 15
1 25338U 98030A   23298.56135300  .00000234  00000-0  11551-3 0  9993
2 25338  98.5958 325.3338 0009329 295.6860  64.3357 14.26418133323844
NOAA 15
1 25338U 98030A   23297.50916992  .00000242  00000-0  11863-3 0  9995
2 25338  98.5960 324.3010 0009345 299.1288  60.8956 14.26417534323697
NOAA 15
1 25338U 98030A   23297.15844213  .00000251  00000-0  12219-3 0  9998
2 25338  98.5961 323.9567 0009357 300.2730  59.7523 14.26417358323645
NOAA 18
1 28654U 05018A   23298.57130880  .00000282  00000-0  17461-3 0  9999
2 28654  98.8993  12.2681 0014334  15.1775 344.9824 14.13037911949987
NOAA 18
1 28654U 05018A   23297.43836752  .00000267  00000-0  16665-3 0  9992
2 28654  98.8994  11.1421 0014392  18.2840 341.8847 14.13037197949829
NOAA 18
1 28654U 05018A   23297.15513206  .00000281  00000-0  17452-3 0  9998
2 28654  98.8994  10.8605 0014406  19.0760 341.0949 14.13037100949789
NOAA 19
1 33591U 09005A   23298.84479787  .00000265  00000-0  16743-3 0  9990
2 33591  99.0843 346.7685 0013135 232.7918 127.2055 14.12849727758399
NOAA 19
1 33591U 09005A   23297.42843388  .00000260  00000-0  16427-3 0  9999
2 33591  99.0846 345.3321 0013087 236.9980 122.9934 14.12848890758191
NOAA 19
1 33591U 09005A   23297.14516094  .00000272  00000-0  17069-3 0  9995
2 33591  99.0846 345.0448 0013079 237.8350 122.1554 14.12848807758154
METEOR-3M
1 27001U 01056A   23298.45886830  .00000008  00000-0  62931-4 0  9991
2 27001  99.7502  93.8751 0014149 143.7182 284.7290 13.68913892092847
METEOR-3M
1 27001U 01056A   23297.07854610  .00000019  00000-0  75650-4 0  9993
2 27001  99.7501  92.4799 0014100 147.1438 322.4832 13.68913734092658
RADARSAT
1 23710U 95059A   23298.89321794  .00000373  00000-0  15738-3 0  9998
2 23710  98.5580 305.6964 0001251  78.7202 281.4121 14.31296180460495
RADARSAT
1 23710U 95059A   23297.49508303  .00000384  00000-0  16165-3 0  9993
2 23710  98.5581 304.3189 0001272  79.0477 281.0850 14.31294953460291
RADARSAT
1 23710U 95059A   23297.00573547  .00000421  00000-0  17543-3 0  9995
2 23710  98.5581 303.8369 0001273  79.1649 280.9677 14.31294685460228
EROS-B
1 29079U 06014A   23298.88310093  .00023591  00000-0  99943-3 0  9991
2 29079  97.3378  55.1635 0013665 230.6288 129.3739 15.23066885971815
EROS-B
1 29079U 06014A   23297.50338942  .00019789  00000-0  84075-3 0  9996
2 29079  97.3371  53.8152 0013617 235.5181 124.4770 15.23007041971607
EROS-B
1 29079U 06014A   23297.17487922  .00020708  00000-0  87991-3 0  9995
2 29079  97.3371  53.4944 0013569 236.6625 123.3313 15.22994277971553
RADARSAT-2
1 32382U 07061A   23298.58003650  .00000110  00000-0  59541-4 0  9993
2 32382  98.5801 303.3547 0001160  89.1535 270.9780 14.29980794828065
RADARSAT-2
1 32382U 07061A   23297.46050205  .00000139  00000-0  70964-4 0  9990
2 32382  98.5801 302.2513 0001147  90.3631 269.7683 14.29985203827902
RADARSAT-2
1 32382U 07061A   23297.18061910  .00000143  00000-0  72373-4 0  9995
2 32382  98.5801 301.9755 0001147  90.3262 269.8051 14.29985090827865
RISAT 1
1 38248U 12017A   23298.57016817  .00007009  00000-0  34338-3 0  9995
2 38248  97.5398 311.0059 0003604  21.2802 338.8581 15.18463502633783
RISAT 1
1 38248U 12017A   23297.51579635  .00007980  00000-0  39060-3 0  9995
2 38248  97.5402 309.9548 0003718  23.6983 336.4422 15.18447807633621
RISAT 1
1 38248U 12017A   23296.98860618  .00009298  00000-0  45461-3 0  9995
2 38248  97.5402 309.4291 0003752  25.2200 334.9216 15.18440470633543
ALOS 2
1 39766U 14029A   23298.54496856  .00002462  00000-0  33640-3 0  9991
2 39766  97.9231  33.5692 0001440  99.6217 260.5157 14.79473676508839
ALOS 2
1 39766U 14029A   23297.53047647  .00002678  00000-0  36530-3 0  9999
2 39766  97.9229  32.5692 0001446  99.0895 261.0480 14.79472747508683
ALOS 2
1 39766U 14029A   23297.19231235  .00002839  00000-0  38687-3 0  9993
2 39766  97.9227  32.2360 0001439  99.0641 261.0733 14.79471230508633
COSMO-SKYMED 1
1 31598U 07023A   23298.86187043  .00000799  00000-0  10690-3 0  9993
2 31598  97.8875 120.4564 0001350  88.9608 271.1760 14.82150925886342
COSMO-SKYMED 1
1 31598U 07023A   23297.51165532  .00000839  00000-0  11190-3 0  9994
2 31598  97.8875 119.1255 0001337  89.0759 271.0607 14.82148451886146
COSMO-SKYMED 1
1 31598U 07023A   23297.17410123  .00000885  00000-0  11770-3 0  9990
2 31598  97.8875 118.7928 0001339  88.5494 271.5872 14.82147982886091
COSMO-SKYMED 2
1 32376U 07059A   23298.55807950  .00000770  00000-0  10326-3 0  9994
2 32376  97.8875 120.1575 0001353  85.7999 274.3369 14.82150565859044
COSMO-SKYMED 2
1 32376U 07059A   23297.47790736  .00000862  00000-0  11489-3 0  9990
2 32376  97.8876 119.0928 0001366  85.8337 274.3033 14.82149044858884
COSMO-SKYMED 2
1 32376U 07059A   23297.14035329  .00000854  00000-0  11388-3 0  9993
2 32376  97.8877 118.7601 0001369  86.0661 274.0709 14.82148437858832
COSMO-SKYMED 3
1 33412U 08054A   23298.56022804  .00003736  00000-0  34590-3 0  9994
2 33412  97.8853 128.7009 0015414 280.2651  79.6831 14.95057506812053
COSMO-SKYMED 3
1 33412U 08054A   23297.55630066  .00004218  00000-0  38981-3 0  9991
2 33412  97.8856 127.6915 0015416 283.8352  76.1153 14.95049642811903
COSMO-SKYMED 3
1 33412U 08054A   23297.48937203  .00004182  00000-0  38657-3 0  9996
2 33412  97.8856 127.6243 0015414 284.0861  75.8646 14.95048868811893
COSMO-SKYMED 3
1 33412U 08054A   23297.15472806  .00004573  00000-0  42220-3 0  9998
2 33412  97.8857 127.2878 0015421 285.2337  74.7178 14.95046474811847
COSMO-SKYMED 3
1 33412U 08054A   23296.88701249  .00005084  00000-0  46872-3 0  9998
2 33412  97.8856 127.0185 0015433 286.1770  73.7752 14.95044981811803
COSMO-SKYMED 4
1 37216U 10060A   23298.90826582  .00000786  00000-0  10522-3 0  9994
2 37216  97.8875 120.5023 0001314  85.5673 274.5690 14.82157587701640
COSMO-SKYMED 4
1 37216U 10060A   23297.49054637  .00000822  00000-0  10984-3 0  9994
2 37216  97.8876 119.1049 0001321  84.9146 275.2217 14.82155069701432
COSMO-SKYMED 4
1 37216U 10060A   23297.15299372  .00000844  00000-0  11255-3 0  9990
2 37216  97.8876 118.7722 0001328  85.0910 275.0455 14.82154633701385
KOMPSAT 2
1 29268U 06031A   23298.91026804  .00000469  00000-0  99637-4 0  9998
2 29268  97.8869 152.7009 0013487 250.7779 166.1440 14.63261921920334
KOMPSAT 2
1 29268U 06031A   23297.53744067  .00000473  00000-0  10044-3 0  9992
2 29268  97.8872 151.3877 0013465 255.5616 134.0003 14.63260390920131
KOMPSAT 2
1 29268U 06031A   23297.21134685  .00000510  00000-0  10766-3 0  9999
2 29268  97.8873 151.0757 0013457 256.7035 216.1126 14.63260201920088
KOMPSAT 3
1 38338U 12025B   23298.58326816  .00000827  00000-0  17363-3 0  9998
2 38338  98.2324 240.1160 0009000 255.3861 104.6342 14.62230219610308
KOMPSAT 3
1 38338U 12025B   23297.48839831  .00000929  00000-0  19386-3 0  9992
2 38338  98.2322 239.0250 0008985 259.2992 100.7198 14.62228375610140
KOMPSAT 3
1 38338U 12025B   23297.14625105  .00001036  00000-0  21501-3 0  9994
2 38338  98.2321 238.6840 0008982 260.5275  99.4911 14.62228194610095
KOMPSAT 5
1 39227U 13042A   23298.53096926  .00002870  00000-0  20934-3 0  9995
2 39227  97.6188 122.7369 0001757 134.9627 225.1742 15.04494888558727
KOMPSAT 5
1 39227U 13042A   23297.46682026  .00003320  00000-0  24154-3 0  9997
2 39227  97.6187 121.6878 0001637 137.0634 223.0720 15.04489095558567
KOMPSAT 5
1 39227U 13042A   23297.00125119  .00003598  00000-0  26101-3 0  9993
2 39227  97.6188 121.2286 0001359 141.5447 218.5876 15.04548246558497
TERRA SAR X
1 31698U 07026A   23298.49705025  .00002447  00000-0  11971-3 0  9997
2 31698  97.4456 304.0353 0001872  82.6137 277.5310 15.19148116907274
TERRA SAR X
1 31698U 07026A   23297.44315461  .00002292  00000-0  11232-3 0  9990
2 31698  97.4459 302.9968 0001932  84.9475 275.1980 15.19143307907110
TERRA SAR X
1 31698U 07026A   23296.45512431  .00003496  00000-0  16965-3 0  9991
2 31698  97.4465 302.0229 0001994  84.4403 275.7059 15.19138429906966
TANDEM X
1 36605U 10030A   23298.56291783  .00002076  00000-0  10204-3 0  9994
2 36605  97.4463 304.1001 0001838  96.5878 263.5565 15.19147293740035
TANDEM X
1 36605U 10030A   23297.44315333  .00002018  00000-0  99265-4 0  9999
2 36605  97.4467 302.9964 0001891  98.0567 262.0882 15.19142988739865
TANDEM X
1 36605U 10030A   23296.45512297  .00002292  00000-0  11233-3 0  9999
2 36605  97.4468 302.0222 0001861  97.4268 262.7178 15.19138875739711
PAZ
1 43215U 18020A   23298.87354164  .00002950  00000-0  14362-3 0  9993
2 43215  97.4462 304.1348 0001704  85.6481 274.4949 15.19150819314463
PAZ
1 43215U 18020A   23297.49030167  .00003179  00000-0  15458-3 0  9995
2 43215  97.4464 302.7711 0001726  84.6847 275.4584 15.19136627314256
PAZ
1 43215U 18020A   23297.16095729  .00003368  00000-0  16357-3 0  9993
2 43215  97.4463 302.4464 0001679  83.3020 276.8406 15.19134328314202
GEOEYE 1
1 33331U 08042A   23298.86150833  .00000779  00000-0  15618-3 0  9992
2 33331  98.0742  10.6851 0007337 166.9805 193.1589 14.64399063808873
GEOEYE 1
1 33331U 08042A   23297.49494177  .00000853  00000-0  17026-3 0  9990
2 33331  98.0743   9.3450 0007251 171.0287 189.1047 14.64396739808679
GEOEYE 1
1 33331U 08042A   23297.22162819  .00000886  00000-0  17640-3 0  9994
2 33331  98.0743   9.0770 0007236 171.8493 188.2828 14.64396403808632
WORLDVIEW 1
1 32060U 07041A   23297.58024339  .00009037  00000-0  37073-3 0  9992
2 32060  97.3867  55.4307 0000757 212.0705 148.0487 15.24464840895678
WORLDVIEW 1
1 32060U 07041A   23296.85821250  .00010524  00000-0  43132-3 0  9994
2 32060  97.3866  54.7192 0000705 217.4654 142.6534 15.24452648895560
WORLDVIEW 2
1 35946U 09055A   23298.84369659  .00000254  00000-0  99267-4 0  9998
2 35946  98.4396  11.2793 0000397 206.8369 153.2798 14.37519467737081
WORLDVIEW 2
1 35946U 09055A   23297.52121166  .00000258  00000-0  10069-3 0  9997
2 35946  98.4397   9.9813 0000326 215.5185 144.5980 14.37518632736891
WORLDVIEW 2
1 35946U 09055A   23297.17318915  .00000277  00000-0  10705-3 0  9996
2 35946  98.4397   9.6398 0000306 218.2054 141.9111 14.37518549736848
WORLDVIEW 3
1 40115U 14048A   23297.58395884  .00001661  00000-0  20004-3 0  9994
2 40115  97.8339   9.4732 0001284 112.6057 247.5294 14.85195997498455
WORLDVIEW 3
1 40115U 14048A   23297.51658643  .00001671  00000-0  20125-3 0  9997
2 40115  97.8339   9.4070 0001281 112.5628 247.5723 14.85195734498445
WORLDVIEW 3
1 40115U 14048A   23296.91023365  .00001860  00000-0  22329-3 0  9995
2 40115  97.8339   8.8107 0001272 112.2800 247.8550 14.85194441498353
IKONOS 2
1 25919U 99051A   23298.52675594  .00001914  00000-0  20200-3 0  9999
2 25919  98.2430 129.4882 0007853 134.7623 225.4234 14.90552158294712
IKONOS 2
1 25919U 99051A   23297.51980208  .00001961  00000-0  20678-3 0  9999
2 25919  98.2434 128.4375 0007796 137.6059 222.5761 14.90548254294561
IKONOS 2
1 25919U 99051A   23296.84849809  .00002289  00000-0  24032-3 0  9997
2 25919  98.2436 127.7370 0007776 139.5052 220.6744 14.90546117294467
IKONOS 2
1 25919U 99051A   23296.51284588  .00002156  00000-0  22678-3 0  9995
2 25919  98.2436 127.3868 0007749 140.3456 219.8329 14.90543895294417
IKONOS 2
1 25919U 99051A   23295.84154021  .00002809  00000-0  29353-3 0  9990
2 25919  98.2438 126.6864 0007702 142.1838 217.9921 14.90541856294311
THEOS
1 33396U 08049A   23298.89878256  .00000087  00000-0  61516-4 0  9990
2 33396  98.6903   4.4344 0000942  92.4515 267.6769 14.20053784780980
THEOS
1 33396U 08049A   23297.48959055  .00000097  00000-0  66121-4 0  9999
2 33396  98.6905   3.0505 0000955  91.8831 268.2455 14.20053381780784
THEOS
1 33396U 08049A   23297.20775212  .00000096  00000-0  65372-4 0  9996
2 33396  98.6905   2.7737 0000957  91.7431 268.3855 14.20053309780745
METEOR-M
1 35865U 09049A   23298.53128384  .00000208  00000-0  11255-3 0  9994
2 35865  98.5990 260.0037 0001544 199.8428 160.2690 14.22569877732065
METEOR-M
1 35865U 09049A   23297.47625603  .00000229  00000-0  12182-3 0  9995
2 35865  98.5989 258.9741 0001483 203.8145 156.2965 14.22569327731918
METEOR-M
1 35865U 09049A   23297.12457992  .00000248  00000-0  13043-3 0  9999
2 35865  98.5988 258.6309 0001471 205.9461 154.1644 14.22569217731868
METEOR-M
1 35865U 09049A   23296.84323905  .00000252  00000-0  13207-3 0  9990
2 35865  98.5987 258.3563 0001456 207.1788 152.9314 14.22569065731822
METEOR-M2
1 40069U 14037A   23298.90474786  .00000152  00000-0  89434-4 0  9993
2 40069  98.4287 298.8377 0005149 333.4550  26.6364 14.20831245482219
METEOR-M2
1 40069U 14037A   23297.56674237  .00000152  00000-0  89354-4 0  9998
2 40069  98.4287 297.5613 0005223 337.7544  22.3406 14.20830716482022
METEOR-M2
1 40069U 14037A   23297.49632102  .00000152  00000-0  89580-4 0  9996
2 40069  98.4287 297.4941 0005227 337.9752  22.1200 14.20830692482014
METEOR-M2
1 40069U 14037A   23297.21463558  .00000173  00000-0  99178-4 0  9990
2 40069  98.4288 297.2254 0005246 338.8797  21.2163 14.20830619481971
METEOR-M2
1 40069U 14037A   23296.93295010  .00000179  00000-0  10208-3 0  9996
2 40069  98.4287 296.9567 0005265 339.7334  20.3634 14.20830547481930
KANOPUS-V 1
1 38707U 12039A   23298.35778766  .00015136  00000-0  45623-3 0  9992
2 38707  97.4800 226.0406 0002801 100.9276 259.2282 15.34408617624901
KANOPUS-V 1
1 38707U 12039A   23297.31435554  .00018606  00000-0  56044-3 0  9996
2 38707  97.4797 224.9830 0002737 102.8395 257.3154 15.34384325624743
KANOPUS-V 1
1 38707U 12039A   23296.79263345  .00020126  00000-0  60629-3 0  9998
2 38707  97.4796 224.4545 0002727 102.1015 258.0533 15.34364904624662
KANOPUS-V 1
1 38707U 12039A   23296.33612117  .00021611  00000-0  65110-3 0  9993
2 38707  97.4794 223.9917 0002775 103.3268 256.8284 15.34346204624597
KANOPUS-V 1
1 38707U 12039A   23295.81438609  .00016466  00000-0  49751-3 0  9992
2 38707  97.4796 223.4631 0002628 102.7528 257.4008 15.34314434624519
RESURS P1
1 39186U 13030A   23298.58894056  .00018430  00000-0  31711-3 0  9995
2 39186  97.0535 346.3764 0010409   0.6164 359.5099 15.51084629578755
RESURS P1
1 39186U 13030A   23297.49219377  .00020429  00000-0  35178-3 0  9993
2 39186  97.0536 345.3016 0010641   4.6549 355.4800 15.51039581578587
RESURS P1
1 39186U 13030A   23297.16961502  .00021107  00000-0  36354-3 0  9992
2 39186  97.0536 344.9855 0010671   5.8515 354.2860 15.51026910578532
RESURS P2
1 40360U 14087A   23298.59943756  .00014623  00000-0  28449-3 0  9991
2 40360  97.1737  20.6791 0008539  93.1617 267.0611 15.47644638494509
RESURS P2
1 40360U 14087A   23297.50025953  .00014995  00000-0  29200-3 0  9999
2 40360  97.1735  19.5891 0008524  96.6816 263.5405 15.47611306494337
RESURS P2
1 40360U 14087A   23297.17696727  .00015713  00000-0  30596-3 0  9994
2 40360  97.1733  19.2686 0008536  97.6385 262.5836 15.47602492494286
RESURS-P3
1 41386U 16016A   23290.28553760  .00089823  00000-0  42039-3 0  9999
2 41386  97.1662  22.2995 0002936  32.3604 327.7846 15.82992239426089
RESURS-P3
1 41386U 16016A   23289.90624270  .00099489  00000-0  46657-3 0  9990
2 41386  97.1663  21.9036 0002939  33.2061 326.9392 15.82922101426024
RESURS-P3
1 41386U 16016A   23289.84302575  .00097471  00000-0  45752-3 0  9998
2 41386  97.1663  21.8377 0002957  33.8594 326.2864 15.82908127426016
BKA 2
1 38708U 12039B   23298.89276935  .00022307  00000-0  63404-3 0  9998
2 38708  97.2810 194.1210 0002901  96.7805 263.3769 15.36171051625043
BKA 2
1 38708U 12039B   23297.65510210  .00021385  00000-0  60905-3 0  9996
2 38708  97.2808 192.8970 0002872  97.4991 262.6579 15.36116568624850
BKA 2
1 38708U 12039B   23297.58996044  .00021062  00000-0  59997-3 0  9992
2 38708  97.2808 192.8325 0002868  97.4750 262.6820 15.36113341624846
BKA 2
1 38708U 12039B   23297.52481871  .00020577  00000-0  58632-3 0  9998
2 38708  97.2808 192.7681 0002880  97.6975 262.4597 15.36109947624830
BKA 2
1 38708U 12039B   23297.19910807  .00021149  00000-0  60273-3 0  9997
2 38708  97.2807 192.4456 0002864  98.9124 261.2444 15.36097645624781
AIST-2D
1 41465U 16026B   23298.60879639  .00040251  00000-0  37722-3 0  9993
2 41465  96.9722 168.1536 0008291  98.1467 262.0735 15.67071792420323
AIST-2D
1 41465U 16026B   23297.58707013  .00038935  00000-0  36623-3 0  9990
2 41465  96.9726 167.1396 0008216 101.0793 259.1393 15.66987612420168
AIST-2D
1 41465U 16026B   23297.45935054  .00039533  00000-0  37197-3 0  9996
2 41465  96.9727 167.0129 0008210 101.4543 258.7641 15.66976928420140
AIST-2D
1 41465U 16026B   23297.20390855  .00041600  00000-0  39157-3 0  9999
2 41465  96.9727 166.7593 0008212 102.0921 258.1261 15.66958413420107
AIST-2D
1 41465U 16026B   23296.88460183  .00046980  00000-0  44226-3 0  9993
2 41465  96.9727 166.4424 0008183 102.9952 257.2224 15.66932638420051
FENGYUN 1D
1 27431U 02024B   23298.85074216  .00000029  00000-0  42189-4 0  9991
2 27431  99.0874 330.5424 0016431  74.7074 285.5910 14.09902362103517
FENGYUN 1D
1 27431U 02024B   23297.36045585  .00000097  00000-0  80666-4 0  9990
2 27431  99.0877 329.0378 0016460  78.6357 281.6661 14.09902019103306
FENGYUN 1D
1 27431U 02024B   23297.07659174  .00000112  00000-0  89480-4 0  9994
2 27431  99.0877 328.7512 0016463  79.3719 280.9304 14.09901958103267
FENGYUN 3A
1 32958U 08026A   23298.45579259  .00000223  00000-0  12728-3 0  9993
2 32958  98.5717 247.8210 0009514  38.9775 321.2085 14.18944316798532
FENGYUN 3A
1 32958U 08026A   23297.46858638  .00000253  00000-0  14139-3 0  9995
2 32958  98.5715 246.8663 0009551  41.5450 318.6451 14.18943826798398
FENGYUN 3A
1 32958U 08026A   23297.11601262  .00000265  00000-0  14717-3 0  9991
2 32958  98.5715 246.5253 0009562  42.4496 317.7419 14.18943661798348
FENGYUN 3B
1 37214U 10059A   23298.94317341  .00000141  00000-0  97605-4 0  9995
2 37214  99.0789 318.4986 0022796  39.3237  74.7205 14.14394171670994
FENGYUN 3B
1 37214U 10059A   23297.53587010  .00000148  00000-0  10094-3 0  9994
2 37214  99.0791 317.0686 0022854  43.1925 109.0907 14.14393677670790
FENGYUN 3B
1 37214U 10059A   23297.16779035  .00000172  00000-0  11367-3 0  9994
2 37214  99.0792 316.6945 0022869  44.1971  34.9304 14.14393616670747
FENGYUN 3C
1 39260U 13052A   23298.88966458  .00000155  00000-0  99023-4 0  9997
2 39260  98.4286 306.0493 0009973 288.0221  71.9867 14.16095784522029
FENGYUN 3C
1 39260U 13052A   23297.47653138  .00000166  00000-0  10477-3 0  9996
2 39260  98.4287 304.7117 0010000 292.5931  67.4186 14.16095201521824
FENGYUN 3C
1 39260U 13052A   23297.19390469  .00000180  00000-0  11181-3 0  9999
2 39260  98.4288 304.4442 0010008 293.5124  66.4999 14.16095097521785
FENGYUN-3D
1 43010U 17072A   23298.56333013  .00000159  00000-0  97246-4 0  9990
2 43010  98.8770 247.2865 0000765 334.0167  26.0970 14.19226503307990
FENGYUN-3D
1 43010U 17072A   23297.57632430  .00000174  00000-0  10468-3 0  9992
2 43010  98.8768 246.2978 0000809 337.7218  22.3923 14.19226106307858
FENGYUN-3D
1 43010U 17072A   23297.50582388  .00000177  00000-0  10573-3 0  9991
2 43010  98.8768 246.2272 0000813 338.0970  22.0171 14.19226083307844
FENGYUN-3D
1 43010U 17072A   23297.15332171  .00000207  00000-0  12009-3 0  9995
2 43010  98.8767 245.8740 0000833 339.5059  20.6083 14.19226029307794
FENGYUN-3D
1 43010U 17072A   23296.87132001  .00000202  00000-0  11779-3 0  9991
2 43010  98.8766 245.5915 0000847 340.7166  19.3977 14.19225865307752
FENGYUN-3E
1 49008U 21062A   23298.60672371  .00000063  00000-0  50287-4 0  9993
2 49008  98.7283 298.1431 0001767  28.7282 331.3992 14.19705756119565
FENGYUN-3E
1 49008U 21062A   23297.54957170  .00000058  00000-0  47959-4 0  9994
2 49008  98.7283 297.1009 0001821  30.9650 329.1633 14.19705558119411
FENGYUN-3E
1 49008U 21062A   23297.47909489  .00000060  00000-0  49017-4 0  9996
2 49008  98.7283 297.0315 0001824  31.0981 329.0303 14.19705555119401
FENGYUN-3E
1 49008U 21062A   23297.19718765  .00000067  00000-0  52478-4 0  9992
2 49008  98.7283 296.7536 0001840  31.5348 328.5938 14.19705513119369
FENGYUN-3E
1 49008U 21062A   23296.91528039  .00000064  00000-0  50857-4 0  9990
2 49008  98.7283 296.4757 0001856  31.9341 328.1948 14.19705464119323
GP-02
1 43943U 19005B   23298.56284275  .00004754  00000-0  26471-3 0  9994
2 43943  97.4954  30.5937 0019589  44.9357 315.3456 15.13942234262803
GP-02
1 43943U 19005B   23297.57142212  .00005014  00000-0  27908-3 0  9994
2 43943  97.4952  29.6180 0019698  48.2839 312.0074 15.13932936262654
GP-02
1 43943U 19005B   23297.50532722  .00004849  00000-0  27002-3 0  9996
2 43943  97.4951  29.5529 0019696  48.4857 311.8061 15.13931891262640
GP-02
1 43943U 19005B   23297.17485211  .00005208  00000-0  28974-3 0  9998
2 43943  97.4951  29.2277 0019736  49.6390 310.6561 15.13929127262592
GP-02
1 43943U 19005B   23296.91047158  .00005994  00000-0  33286-3 0  9997
2 43943  97.4951  28.9676 0019766  50.5170 309.7806 15.13927339262551
GP-01
1 43946U 19005E   23298.59813101  .00005170  00000-0  28498-3 0  9990
2 43946  97.4956  30.6639 0032407  38.9488 321.4069 15.13979734262735
GP-01
1 43946U 19005E   23297.60673616  .00005795  00000-0  31902-3 0  9993
2 43946  97.4952  29.6881 0032467  42.2124 318.1598 15.13969458262584
GP-01
1 43946U 19005E   23297.54064293  .00005773  00000-0  31784-3 0  9995
2 43946  97.4951  29.6231 0032471  42.4393 317.9341 15.13968544262574
GP-01
1 43946U 19005E   23297.21017609  .00005903  00000-0  32489-3 0  9996
2 43946  97.4950  29.2979 0032474  43.5493 316.8294 15.13965003262521
GP-01
1 43946U 19005E   23296.87970848  .00006670  00000-0  36662-3 0  9999
2 43946  97.4949  28.9726 0032494  44.6610 315.7231 15.13962037262477
GF-2A
1 44777U 19075A   23298.61393280  .00005540  00000-0  30298-3 0  9996
2 44777  97.6141 358.1203 0005882  50.6394 309.5358 15.14673438217703
GF-2A
1 44777U 19075A   23297.62299067  .00006111  00000-0  33390-3 0  9995
2 44777  97.6142 357.1285 0005962  53.5714 306.6066 15.14662097217556
GF-2A
1 44777U 19075A   23297.55692759  .00006144  00000-0  33567-3 0  9994
2 44777  97.6142 357.0624 0005964  53.7816 306.3966 15.14661210217540
GF-2A
1 44777U 19075A   23297.49086446  .00006167  00000-0  33696-3 0  9995
2 44777  97.6142 356.9963 0005967  53.9919 306.1865 15.14660317217535
GF-2A
1 44777U 19075A   23297.16054809  .00007350  00000-0  40081-3 0  9998
2 44777  97.6143 356.6657 0006004  55.0791 305.1003 15.14658401217485
GF-2B
1 44836U 19086A   23298.59304116  .00006780  00000-0  36949-3 0  9997
2 44836  97.6124 358.6186 0010094 100.5197 259.7172 15.14683011214099
GF-2B
1 44836U 19086A   23297.60210346  .00006826  00000-0  37211-3 0  9993
2 44836  97.6124 357.6271 0010104 103.4153 256.8205 15.14670019213941
GF-2B
1 44836U 19086A   23297.53604049  .00006620  00000-0  36103-3 0  9993
2 44836  97.6124 357.5610 0010100 103.6869 256.5488 15.14668850213938
GF-2B
1 44836U 19086A   23297.46997754  .00006981  00000-0  38050-3 0  9996
2 44836  97.6124 357.4949 0010110 103.9176 256.3181 15.14668512213929
GF-2B
1 44836U 19086A   23297.20572559  .00006775  00000-0  36941-3 0  9998
2 44836  97.6123 357.2305 0010101 104.6845 255.5507 15.14665029213881
KF-01
1 45016U 20003A   23298.53276703  .00005147  00000-0  28855-3 0  9996
2 45016  97.6108   7.3788 0001669  49.3723 310.7654 15.13827310209437
KF-01
1 45016U 20003A   23297.60737129  .00005660  00000-0  31701-3 0  9991
2 45016  97.6107   6.4542 0001702  49.7009 310.4370 15.13817636209299
KF-01
1 45016U 20003A   23297.47517134  .00005995  00000-0  33558-3 0  9991
2 45016  97.6106   6.3221 0001711  49.7358 310.4023 15.13816534209277
KF-01
1 45016U 20003A   23297.21077110  .00005987  00000-0  33516-3 0  9993
2 45016  97.6106   6.0580 0001718  49.8895 310.2486 15.13813466209234
KF-01
1 45016U 20003A   23296.88027011  .00006600  00000-0  36913-3 0  9997
2 45016  97.6105   5.7278 0001728  49.9593 310.1790 15.13810262209182
DMC-2
1 35683U 09041C   23298.53756026  .00001229  00000-0  20086-3 0  9990
2 35683  97.7505  91.5183 0001594  94.8128 265.3263 14.72501379764326
DMC-2
1 35683U 09041C   23297.51826604  .00001360  00000-0  22165-3 0  9993
2 35683  97.7503  90.5459 0001591  95.3038 264.8352 14.72498983764174
DMC-2
1 35683U 09041C   23297.11054762  .00001484  00000-0  24110-3 0  9996
2 35683  97.7503  90.1570 0001590  95.3754 264.7636 14.72498497764116
DEIMOS-1
1 35681U 09041A   23298.55185505  .00000780  00000-0  12934-3 0  9992
2 35681  97.6789 128.2293 0002847  77.6346 282.5182 14.72763190764625
DEIMOS-1
1 35681U 09041A   23297.60068204  .00000850  00000-0  14028-3 0  9997
2 35681  97.6790 127.3298 0002864  79.1181 281.0349 14.72761680764480
DEIMOS-1
1 35681U 09041A   23297.53274109  .00000862  00000-0  14222-3 0  9991
2 35681  97.6790 127.2655 0002864  79.1544 280.9987 14.72761565764476
DEIMOS-1
1 35681U 09041A   23297.12509494  .00000976  00000-0  16008-3 0  9994
2 35681  97.6791 126.8800 0002867  79.9741 280.1791 14.72761352764417
DEIMOS-1
1 35681U 09041A   23296.85333096  .00000963  00000-0  15794-3 0  9993
2 35681  97.6792 126.6230 0002869  80.4598 279.6935 14.72760736764375
DEIMOS-2
1 40013U 14033D   23298.90388212  .00002507  00000-0  28355-3 0  9996
2 40013  97.7049 187.4974 0000936  49.8615 310.2683 14.87332343506773
DEIMOS-2
1 40013U 14033D   23297.49108431  .00002172  00000-0  24643-3 0  9996
2 40013  97.7049 186.1258 0001027  48.8215 311.3090 14.87325312506560
DEIMOS-2
1 40013U 14033D   23297.15470270  .00002480  00000-0  28055-3 0  9995
2 40013  97.7049 185.7993 0001037  48.7553 311.3753 14.87324838506519
PLEIADES-1
1 38012U 11076F   23298.57284388  .00000500  00000-0  11744-3 0  9993
2 38012  98.1887  11.6007 0000994  92.2877  43.8963 14.58532129631248
PLEIADES-1
1 38012U 11076F   23297.52901833  .00000571  00000-0  13278-3 0  9990
2 38012  98.1888  10.5724 0001001  91.5282 327.0739 14.58531047631094
PLEIADES-1
1 38012U 11076F   23297.18023235  .00000644  00000-0  14851-3 0  9992
2 38012  98.1888  10.2287 0001003  91.1215 297.1917 14.58530924631042
PLEIADES 1B
1 39019U 12068A   23298.58100926  .00000499  00000-0  11717-3 0  9996
2 39019  98.1838  11.5051 0001182  95.9109 264.2225 14.58547076580091
PLEIADES 1B
1 39019U 12068A   23297.62058050  .00000569  00000-0  13225-3 0  9994
2 39019  98.1838  10.5593 0001192  95.9739 264.1596 14.58546127579950
PLEIADES 1B
1 39019U 12068A   23297.55197844  .00000578  00000-0  13408-3 0  9994
2 39019  98.1838  10.4918 0001193  95.8826 264.2509 14.58546042579947
PLEIADES 1B
1 39019U 12068A   23297.48337636  .00000570  00000-0  13253-3 0  9991
2 39019  98.1838  10.4242 0001193  95.8715 264.2620 14.58545939579931
PLEIADES 1B
1 39019U 12068A   23297.20896800  .00000600  00000-0  13893-3 0  9998
2 39019  98.1838  10.1540 0001193  95.7971 264.3365 14.58545717579898
SPOT 6
1 38755U 12047A   23298.56239719  .00000489  00000-0  11493-3 0  9990
2 38755  98.1757   3.9306 0001022  99.4626 260.6689 14.58595214592321
SPOT 6
1 38755U 12047A   23297.46480033  .00000560  00000-0  13018-3 0  9990
2 38755  98.1759   2.8508 0001023  98.6018 261.5298 14.58594085592165
SPOT 6
1 38755U 12047A   23297.19040098  .00000598  00000-0  13834-3 0  9990
2 38755  98.1758   2.5809 0001021  98.3089 261.8226 14.58593888592128
KAZEOSAT 1
1 39731U 14024A   23298.57374234  .00000305  00000-0  10627-3 0  9990
2 39731  98.4195  13.6034 0001093  88.0573 272.0742 14.42001937499447
KAZEOSAT 1
1 39731U 14024A   23297.46352973  .00000332  00000-0  11444-3 0  9991
2 39731  98.4195  12.5084 0001103  87.8994 272.2322 14.42001166499288
KAZEOSAT 1
1 39731U 14024A   23297.18597652  .00000357  00000-0  12226-3 0  9991
2 39731  98.4195  12.2347 0001108  87.6743 272.4574 14.42001027499245
KAZEOSAT 2
1 40010U 14033A   23297.64699435  .00000854  00000-0  11364-3 0  9990
2 40010  97.6505 168.4641 0010875 262.3673  97.6306 14.82081492505627
KAZEOSAT 2
1 40010U 14033A   23297.57948023  .00000864  00000-0  11492-3 0  9995
2 40010  97.6505 168.3996 0010875 262.6193  97.3785 14.82081377505618
SPOT 7
1 40053U 14034A   23298.84735929  .00000700  00000-0  15915-3 0  9996
2 40053  98.1903   4.3097 0001282  78.0807 282.0536 14.58889820496299
SPOT 7
1 40053U 14034A   23297.47564005  .00000757  00000-0  17139-3 0  9991
2 40053  98.1905   2.9572 0001315  78.2721 281.8626 14.58887726496095
SPOT 7
1 40053U 14034A   23297.20129599  .00000780  00000-0  17626-3 0  9994
2 40053  98.1905   2.6867 0001323  78.3330 281.8018 14.58887394496057
TERRA
1 25994U 99068A   23298.62672633  .00000628  00000-0  14217-3 0  9994
2 25994  98.0810   3.7051 0002525  49.6883 109.5766 14.59392003268809
TERRA
1 25994U 99068A   23297.44174948  .00000736  00000-0  16503-3 0  9999
2 25994  98.0812   2.5513 0002590  52.0393   5.2863 14.59390611268631
TERRA
1 25994U 99068A   23297.16664750  .00000762  00000-0  17054-3 0  9994
2 25994  98.0812   2.2834 0002604  52.5302   0.3233 14.59390370268599
AQUA
1 27424U 02022A   23298.58666307  .00001322  00000-0  29482-3 0  9996
2 27424  98.3001 242.6470 0001922  94.8183   9.6247 14.58476330142369
AQUA
1 27424U 02022A   23297.49118758  .00001518  00000-0  33710-3 0  9993
2 27424  98.2999 241.5530 0001904  95.8140  20.2204 14.58473755142206
AQUA
1 27424U 02022A   23297.15081580  .00001544  00000-0  34269-3 0  9997
2 27424  98.2999 241.2131 0001896  96.1509  33.8152 14.58472682142157
NPP
1 37849U 11061A   23298.57468432  .00000134  00000-0  84446-4 0  9991
2 37849  98.7144 235.1197 0000787 107.9506 357.6576 14.19540904621436
NPP
1 37849U 11061A   23297.52049618  .00000164  00000-0  98448-4 0  9996
2 37849  98.7143 234.0823 0000766 106.7485  14.6260 14.19540535621282
NPP
1 37849U 11061A   23297.16640560  .00000175  00000-0  10349-3 0  9994
2 37849  98.7142 233.7338 0000765 106.1889   6.6791 14.19540413621239
JPSS-1
1 43013U 17073A   23298.87069557  .00000139  00000-0  86659-4 0  9991
2 43013  98.7227 235.2926 0001544  97.7985 262.3367 14.19530535307517
JPSS-1
1 43013U 17073A   23297.60199625  .00000138  00000-0  86138-4 0  9992
2 43013  98.7222 234.0434 0001564  89.4779 270.6577 14.19582082307333
JPSS-1
1 43013U 17073A   23297.53151331  .00000138  00000-0  85892-4 0  9992
2 43013  98.7222 233.9740 0001563  89.5724 270.5632 14.19582051307327
JPSS-1
1 43013U 17073A   23297.10861560  .00000136  00000-0  85058-4 0  9999
2 43013  98.7221 233.5574 0001560  89.9993 270.1361 14.19581888307261
JPSS-2
1 54234U 22150A   23298.53471912  .00000139  00000-0  86710-4 0  9993
2 54234  98.7260 234.4861 0001531  79.2404 280.8944 14.19519541 49543
JPSS-2
1 54234U 22150A   23297.54791440  .00000169  00000-0  10103-3 0  9999
2 54234  98.7259 233.5137 0001534  80.0580 280.0769 14.19519180 49406
JPSS-2
1 54234U 22150A   23296.84305375  .00000193  00000-0  11251-3 0  9991
2 54234  98.7257 232.8191 0001540  80.4340 279.7010 14.19518944 49301
JPSS-2
1 54234U 22150A   23295.85624852  .00000225  00000-0  12755-3 0  9991
2 54234  98.7256 231.8468 0001532  81.0880 279.0469 14.19518581 49165
GP-02
1 43943U 19005B   23298.56284275  .00004754  00000-0  26471-3 0  9994
2 43943  97.4954  30.5937 0019589  44.9357 315.3456 15.13942234262803
GP-02
1 43943U 19005B   23297.57142212  .00005014  00000-0  27908-3 0  9994
2 43943  97.4952  29.6180 0019698  48.2839 312.0074 15.13932936262654
GP-02
1 43943U 19005B   23297.50532722  .00004849  00000-0  27002-3 0  9996
2 43943  97.4951  29.5529 0019696  48.4857 311.8061 15.13931891262640
GP-02
1 43943U 19005B   23297.17485211  .00005208  00000-0  28974-3 0  9998
2 43943  97.4951  29.2277 0019736  49.6390 310.6561 15.13929127262592
GP-02
1 43943U 19005B   23296.91047158  .00005994  00000-0  33286-3 0  9997
2 43943  97.4951  28.9676 0019766  50.5170 309.7806 15.13927339262551
GP-01
1 43946U 19005E   23298.59813101  .00005170  00000-0  28498-3 0  9990
2 43946  97.4956  30.6639 0032407  38.9488 321.4069 15.13979734262735
GP-01
1 43946U 19005E   23297.60673616  .00005795  00000-0  31902-3 0  9993
2 43946  97.4952  29.6881 0032467  42.2124 318.1598 15.13969458262584
GP-01
1 43946U 19005E   23297.54064293  .00005773  00000-0  31784-3 0  9995
2 43946  97.4951  29.6231 0032471  42.4393 317.9341 15.13968544262574
GP-01
1 43946U 19005E   23297.21017609  .00005903  00000-0  32489-3 0  9996
2 43946  97.4950  29.2979 0032474  43.5493 316.8294 15.13965003262521
GP-01
1 43946U 19005E   23296.87970848  .00006670  00000-0  36662-3 0  9999
2 43946  97.4949  28.9726 0032494  44.6610 315.7231 15.13962037262477
GF-2A
1 44777U 19075A   23298.61393280  .00005540  00000-0  30298-3 0  9996
2 44777  97.6141 358.1203 0005882  50.6394 309.5358 15.14673438217703
GF-2A
1 44777U 19075A   23297.62299067  .00006111  00000-0  33390-3 0  9995
2 44777  97.6142 357.1285 0005962  53.5714 306.6066 15.14662097217556
GF-2A
1 44777U 19075A   23297.55692759  .00006144  00000-0  33567-3 0  9994
2 44777  97.6142 357.0624 0005964  53.7816 306.3966 15.14661210217540
GF-2A
1 44777U 19075A   23297.49086446  .00006167  00000-0  33696-3 0  9995
2 44777  97.6142 356.9963 0005967  53.9919 306.1865 15.14660317217535
GF-2A
1 44777U 19075A   23297.16054809  .00007350  00000-0  40081-3 0  9998
2 44777  97.6143 356.6657 0006004  55.0791 305.1003 15.14658401217485
GF-2B
1 44836U 19086A   23298.59304116  .00006780  00000-0  36949-3 0  9997
2 44836  97.6124 358.6186 0010094 100.5197 259.7172 15.14683011214099
GF-2B
1 44836U 19086A   23297.60210346  .00006826  00000-0  37211-3 0  9993
2 44836  97.6124 357.6271 0010104 103.4153 256.8205 15.14670019213941
GF-2B
1 44836U 19086A   23297.53604049  .00006620  00000-0  36103-3 0  9993
2 44836  97.6124 357.5610 0010100 103.6869 256.5488 15.14668850213938
GF-2B
1 44836U 19086A   23297.46997754  .00006981  00000-0  38050-3 0  9996
2 44836  97.6124 357.4949 0010110 103.9176 256.3181 15.14668512213929
GF-2B
1 44836U 19086A   23297.20572559  .00006775  00000-0  36941-3 0  9998
2 44836  97.6123 357.2305 0010101 104.6845 255.5507 15.14665029213881
KF-01
1 45016U 20003A   23298.53276703  .00005147  00000-0  28855-3 0  9996
2 45016  97.6108   7.3788 0001669  49.3723 310.7654 15.13827310209437
KF-01
1 45016U 20003A   23297.60737129  .00005660  00000-0  31701-3 0  9991
2 45016  97.6107   6.4542 0001702  49.7009 310.4370 15.13817636209299
KF-01
1 45016U 20003A   23297.47517134  .00005995  00000-0  33558-3 0  9991
2 45016  97.6106   6.3221 0001711  49.7358 310.4023 15.13816534209277
KF-01
1 45016U 20003A   23297.21077110  .00005987  00000-0  33516-3 0  9993
2 45016  97.6106   6.0580 0001718  49.8895 310.2486 15.13813466209234
KF-01
1 45016U 20003A   23296.88027011  .00006600  00000-0  36913-3 0  9997
2 45016  97.6105   5.7278 0001728  49.9593 310.1790 15.13810262209182
METOP-A
1 29499U 06044A   23297.65680503  .00002276  00000-0  30100-3 0  9997
2 29499  98.3863   1.6620 0191250 255.1994 260.6094 14.69162435883186
METOP-A
1 29499U 06044A   23297.58545799  .00002276  00000-0  30100-3 0  9996
2 29499  98.3863   1.5888 0191250 255.4249 243.2552 14.69162067883173
METOP-A
1 29499U 06044A   23296.90067552  .00002461  00000-0  32469-3 0  9993
2 29499  98.3862   0.8855 0191231 257.5963 221.4417 14.69159362883074
METOP-B
1 38771U 12049A   23298.53928758  .00000170  00000-0  97420-4 0  9997
2 38771  98.6633 355.6371 0001075  90.4265  41.4446 14.21518230576066
METOP-B
1 38771U 12049A   23297.48013247  .00000186  00000-0  10483-3 0  9998
2 38771  98.6635 354.5977 0001085  90.4855  24.2590 14.21517763575916
METOP-B
1 38771U 12049A   23297.19094312  .00000189  00000-0  10628-3 0  9992
2 38771  98.6635 354.3139 0001089  90.5116 345.1531 14.21517658575877
METOP-C
1 43689U 18087A   23298.62131869  .00000165  00000-0  95618-4 0  9999
2 43689  98.7155 356.0694 0003420  53.8738 306.2756 14.21489386257653
METOP-C
1 43689U 18087A   23297.63588039  .00000187  00000-0  10543-3 0  9991
2 43689  98.7156 355.0966 0003461  56.1381 304.0125 14.21489026257512
METOP-C
1 43689U 18087A   23297.56549194  .00000187  00000-0  10532-3 0  9990
2 43689  98.7157 355.0271 0003463  56.2962 303.8545 14.21488987257507
METOP-C
1 43689U 18087A   23297.42471501  .00000195  00000-0  10937-3 0  9999
2 43689  98.7157 354.8882 0003470  56.6447 303.5062 14.21488958257488
METOP-C
1 43689U 18087A   23297.14316113  .00000190  00000-0  10667-3 0  9990
2 43689  98.7157 354.6102 0003482  57.2685 302.8828 14.21488860257445
LANDSAT 8
1 39084U 13008A   23298.60053649  .00000522  00000-0  12583-3 0  9994
2 39084  98.2137   6.8434 0001320  87.2511 272.8839 14.57103546569107
LANDSAT 8
1 39084U 13008A   23297.50181759  .00000595  00000-0  14203-3 0  9997
2 39084  98.2138   5.7601 0001331  87.2807 272.8544 14.57102321568946
LANDSAT 8
1 39084U 13008A   23297.15846763  .00000645  00000-0  15328-3 0  9996
2 39084  98.2138   5.4216 0001337  87.2310 272.9041 14.57102175568894
SENTINEL 1A
1 39634U 14016A   23298.60777281  .00000299  00000-0  73177-4 0  9998
2 39634  98.1823 304.1009 0001307  89.0246 271.1104 14.59201316509232
SENTINEL 1A
1 39634U 14016A   23297.51063171  .00000314  00000-0  76392-4 0  9993
2 39634  98.1824 303.0195 0001311  88.9398 271.1952 14.59200554509074
SENTINEL 1A
1 39634U 14016A   23297.16777500  .00000342  00000-0  82302-4 0  9991
2 39634  98.1824 302.6816 0001315  89.0078 271.1273 14.59200384509022
SENTINEL 1B
1 41456U 16025A   23298.90743900  .00002883  00000-0  37097-3 0  9990
2 41456  98.1801 307.8475 0054660  71.3527 289.3608 14.80889866399677
SENTINEL 1B
1 41456U 16025A   23297.55608161  .00002835  00000-0  36497-3 0  9999
2 41456  98.1806 306.4686 0054799  75.5502 285.1782 14.80881765399478
SENTINEL 1B
1 41456U 16025A   23297.01550246  .00003283  00000-0  42355-3 0  9998
2 41456  98.1805 305.9181 0055798  77.3823 283.3621 14.80637204399397
SENTINEL 1B
1 41456U 16025A   23296.94792320  .00003270  00000-0  42193-3 0  9996
2 41456  98.1805 305.8492 0055801  77.5931 283.1518 14.80636730399383
SENTINEL 2A
1 40697U 15028A   23298.57814296  .00000191  00000-0  89475-4 0  9996
2 40697  98.5667  11.2181 0001091  89.7066 270.4242 14.30818268435655
SENTINEL 2A
1 40697U 15028A   23297.45926211  .00000205  00000-0  94879-4 0  9993
2 40697  98.5667  10.1156 0001106  89.6692 270.4618 14.30817729435496
SENTINEL 2A
1 40697U 15028A   23297.17954185  .00000219  00000-0  10016-3 0  9998
2 40697  98.5667   9.8400 0001110  89.4421 270.6889 14.30817629435453
SENTINEL 2B
1 42063U 17013A   23297.63409554  .00000208  00000-0  95967-4 0  9996
2 42063  98.5670  10.2929 0001085  96.4941 263.6366 14.30822744346428
SENTINEL 2B
1 42063U 17013A   23297.56416572  .00000211  00000-0  97286-4 0  9996
2 42063  98.5670  10.2240 0001085  96.4277 263.7030 14.30822706346412
SENTINEL 3A
1 41335U 16011A   23298.59818117  .00000168  00000-0  87405-4 0  9992
2 41335  98.6243   3.7598 0001277  90.9948 269.1379 14.26735020400379
SENTINEL 3A
1 41335U 16011A   23297.61636159  .00000194  00000-0  98314-4 0  9998
2 41335  98.6244   2.7924 0001286  91.1218 269.0109 14.26734632400238
SENTINEL 3A
1 41335U 16011A   23297.54623161  .00000193  00000-0  97865-4 0  9998
2 41335  98.6244   2.7233 0001289  91.1764 268.9564 14.26734596400221
SENTINEL 3A
1 41335U 16011A   23297.47610162  .00000202  00000-0  10149-3 0  9997
2 41335  98.6244   2.6542 0001292  91.2309 268.9019 14.26734606400219
SENTINEL 3A
1 41335U 16011A   23297.19558168  .00000199  00000-0  10041-3 0  9999
2 41335  98.6244   2.3778 0001291  91.3658 268.7670 14.26734464400172
TY-38
1 47297U 20102B   23298.53011655  .00025840  00000-0  74047-3 0  9998
2 47297  97.4299  37.5735 0004530 132.3229 227.8399 15.35882317157843
TY-38
1 47297U 20102B   23297.61798367  .00027979  00000-0  80262-3 0  9999
2 47297  97.4296  36.6533 0004527 135.2063 224.9547 15.35832571157705
TY-38
1 47297U 20102B   23297.55283002  .00028134  00000-0  80713-3 0  9992
2 47297  97.4295  36.5876 0004519 135.4336 224.7272 15.35829102157696
TY-38
1 47297U 20102B   23297.22706009  .00029369  00000-0  84278-3 0  9994
2 47297  97.4294  36.2594 0004495 136.0731 224.0871 15.35811833157643
TY-38
1 47297U 20102B   23296.90128654  .00031987  00000-0  91792-3 0  9990
2 47297  97.4294  35.9307 0004532 137.3877 222.7718 15.35793796157594
TY-39
1 51832U 22019J   23298.56873767  .00002300  00000-0  13401-3 0  9993
2 51832  97.4627   7.8063 0009660   0.6939 359.4303 15.12945647 91414
TY-39
1 51832U 22019J   23297.57666488  .00002306  00000-0  13439-3 0  9990
2 51832  97.4626   6.8356 0009756   4.2060 355.9251 15.12941054 91262
TY-39
1 51832U 22019J   23297.51052664  .00002230  00000-0  13009-3 0  9998
2 51832  97.4626   6.7710 0009765   4.3678 355.7637 15.12940498 91257
TY-39
1 51832U 22019J   23297.17983506  .00002263  00000-0  13198-3 0  9993
2 51832  97.4625   6.4474 0009801   5.5411 354.5927 15.12939012 91203
TY-39
1 51832U 22019J   23296.91528149  .00002622  00000-0  15232-3 0  9992
2 51832  97.4626   6.1886 0009822   6.4918 353.6438 15.12938398 91161
ZORKIY
1 47960U 21022AE  23298.50796439  .00011516  00000-0  57184-3 0  9992
2 47960  97.4842 194.6758 0014512 237.8841 122.0984 15.17751589142303
ZORKIY
1 47960U 21022AE  23297.65088258  .00012635  00000-0  62736-3 0  9992
2 47960  97.4841 193.8285 0014521 241.4142 118.5631 15.17730832142175
ZORKIY
1 47960U 21022AE  23297.58495269  .00012753  00000-0  63322-3 0  9991
2 47960  97.4841 193.7634 0014524 241.6782 118.2987 15.17729043142169
ZORKIY
1 47960U 21022AE  23297.51902253  .00013152  00000-0  65289-3 0  9998
2 47960  97.4840 193.6982 0014563 241.9188 118.0574 15.17727610142156
ZORKIY
1 47960U 21022AE  23297.12344111  .00016095  00000-0  79808-3 0  9999
2 47960  97.4838 193.3071 0014514 243.5640 116.4105 15.17720698142090
SIRIUS
1 47951U 21022V   23298.47583135  .00010828  00000-0  55580-3 0  9998
2 47951  97.4800 193.8370 0015334 240.7684 119.2016 15.16593058142756
SIRIUS
1 47951U 21022V   23297.61809578  .00010639  00000-0  54650-3 0  9992
2 47951  97.4798 192.9909 0015255 243.9873 115.9789 15.16574458142626
SIRIUS
1 47951U 21022V   23297.55211567  .00010522  00000-0  54054-3 0  9999
2 47951  97.4798 192.9258 0015256 244.2034 115.7626 15.16572717142610
SIRIUS
1 47951U 21022V   23297.15623366  .00010980  00000-0  56404-3 0  9998
2 47951  97.4798 192.5353 0015220 245.7342 114.2301 15.16564768142555
SIRIUS
1 47951U 21022V   23296.95829192  .00012537  00000-0  64346-3 0  9994
2 47951  97.4798 192.3401 0015184 246.4847 113.4791 15.16561664142527
YW-1
1 48842U 21050C   23298.59522503  .00078513  00000-0  10153-2 0  9995
2 48842  97.4307  25.8872 0003443  61.9355 298.2249 15.58666094132667
YW-1
1 48842U 21050C   23297.63218401  .00073270  00000-0  95350-3 0  9996
2 48842  97.4304  24.8819 0003472  66.9205 293.2417 15.58517239132517
YW-1
1 48842U 21050C   23297.56797751  .00078357  00000-0  10192-2 0  9999
2 48842  97.4304  24.8148 0003469  67.4347 292.7276 15.58511266132501
YW-1
1 48842U 21050C   23297.50377131  .00073882  00000-0  96203-3 0  9995
2 48842  97.4303  24.7477 0003469  68.0741 292.0883 15.58499120132498
YW-1
1 48842U 21050C   23297.18273345  .00073337  00000-0  95661-3 0  9993
2 48842  97.4304  24.4123 0003426  70.2085 289.9540 15.58454817132447
QX-1
1 49321U 21091G   23298.55425904  .00007607  00000-0  30075-3 0  9998
2 49321  97.4549 126.8187 0012912 192.0111 168.0821 15.25693113112615
QX-1
1 49321U 21091G   23297.57046204  .00007611  00000-0  30104-3 0  9999
2 49321  97.4553 125.8379 0012843 195.5889 164.4955 15.25678088112460
QX-1
1 49321U 21091G   23297.43928836  .00007662  00000-0  30306-3 0  9994
2 49321  97.4553 125.7071 0012829 196.0701 164.0132 15.25676080112442
QX-1
1 49321U 21091G   23297.17694044  .00007690  00000-0  30418-3 0  9991
2 49321  97.4554 125.4456 0012812 197.0174 163.0636 15.25671933112400
QX-1
1 49321U 21091G   23296.91459196  .00008894  00000-0  35134-3 0  9996
2 49321  97.4555 125.1841 0012793 197.9927 162.0860 15.25669406112364
GAOFEN 3
1 41727U 16049A   23297.57811946  .00000130  00000-0  52581-4 0  9994
2 41727  98.4088 303.7289 0000601  87.9714 272.1545 14.42214766379322
GAOFEN 3-02
1 49495U 21109A   23298.58372503  .00000272  00000-0  95891-4 0  9998
2 49495  98.4157 304.1666 0001216  47.1920 312.9371 14.42206896101130
GAOFEN 3-02
1 49495U 21109A   23297.54304891  .00000135  00000-0  54303-4 0  9999
2 49495  98.4160 303.1398 0001378  46.1148 314.0155 14.42206100100988
GAOFEN 3-02
1 49495U 21109A   23297.26553348  .00000144  00000-0  56802-4 0  9997
2 49495  98.4158 302.8665 0001245  50.9398 309.1902 14.42219853100941
GAOFEN 3-02
1 49495U 21109A   23297.19615567  .00000149  00000-0  58492-4 0  9993
2 49495  98.4158 302.7981 0001248  51.0463 309.0837 14.42219846100936
GAOFEN 3-02
1 49495U 21109A   23296.91864446  .00000144  00000-0  57029-4 0  9994
2 49495  98.4158 302.5244 0001257  51.3752 308.7550 14.42219760100898
GAOFEN 3-03
1 52200U 22035A   23298.48735481  .00000125  00000-0  51205-4 0  9990
2 52200  98.4159 304.6989 0001182 114.3705 245.7608 14.42205183 81662
GAOFEN 3-03
1 52200U 22035A   23297.09978457  .00000155  00000-0  60181-4 0  9994
2 52200  98.4160 303.3305 0001090 112.3230 247.8076 14.42221552 81469
GAOFEN 3-03
1 52200U 22035A   23296.75289595  .00000137  00000-0  54713-4 0  9998
2 52200  98.4160 302.9883 0001084 112.3329 247.7975 14.42221342 81416
Zorkiy_2M
1 57177U 23091M   23298.58972429  .00003832  00000-0  27773-3 0  9997
2 57177  97.6518 348.1165 0018299 193.6546 166.4187 15.04425206 18030
Zorkiy_2M
1 57177U 23091M   23297.59203644  .00004354  00000-0  31495-3 0  9999
2 57177  97.6521 347.1289 0018183 196.8974 163.1649 15.04417629 17881
Zorkiy_2M
1 57177U 23091M   23297.52552379  .00004258  00000-0  30813-3 0  9990
2 57177  97.6521 347.0630 0018176 197.1290 162.9325 15.04416765 17874
Zorkiy_2M
1 57177U 23091M   23297.19295991  .00004427  00000-0  32024-3 0  9991
2 57177  97.6522 346.7338 0018137 198.2430 161.8147 15.04413877 17827
Zorkiy_2M
1 57177U 23091M   23296.86039527  .00004948  00000-0  35740-3 0  9991
2 57177  97.6523 346.4045 0018107 199.3042 160.7500 15.04411874 17778
A-SEANSAT-PG1
1 57197U 23091AH  23298.61931923  .00006294  00000-0  43584-3 0  9990
2 57197  97.6514 348.3607 0013498 189.9853 170.1108 15.05943372 18053
A-SEANSAT-PG1
1 57197U 23091AH  23297.62263498  .00006951  00000-0  48099-3 0  9991
2 57197  97.6513 347.3717 0013458 193.7143 166.3720 15.05930873 17906
A-SEANSAT-PG1
1 57197U 23091AH  23297.55618907  .00006970  00000-0  48233-3 0  9993
2 57197  97.6512 347.3057 0013461 193.9526 166.1331 15.05929878 17890
A-SEANSAT-PG1
1 57197U 23091AH  23297.42329701  .00007365  00000-0  50941-3 0  9998
2 57197  97.6512 347.1739 0013458 194.4246 165.6598 15.05928636 17874
A-SEANSAT-PG1
1 57197U 23091AH  23297.15751252  .00007186  00000-0  49721-3 0  9993
2 57197  97.6512 346.9101 0013442 195.4560 164.6258 15.05924882 17834
TM-0101
1 55137U 23003E   23298.56431329  .00007135  00000+0  30883-3 0  9996
2 55137  97.2521  18.5338 0008740 338.0862  22.0000 15.22686359 44005
TM-0102
1 55135U 23003C   23298.59693331  .00006946  00000+0  30075-3 0  9992
2 55135  97.2579  18.7128 0007040   5.9679 354.1641 15.22693620 44013
#Orbit number corrections: CARTOSAT 2,1,IRS-1C,1,RADARSAT,1,LANDSAT 5,-2,METEOR-3M,1,CARTOSAT-1,1,IRS P6,1
